elements: [Ta] 
E0: [0.000000] 
deltaSplineBins: 0.001000 
embeddings:
  0: {ndensity: 1, FS_parameters: [1.0, 1.0], npoti: FinnisSinclair, rho_core_cutoff: 100000, drho_core_cutoff: 250}
bonds:
  [0, 0]: {nradmax: 16, lmax: 4, nradbasemax: 16, radbasename: ChebExpCos, radparameters: [3.059235105], radcoefficients: [[[1, 0, 0, 0, 0, 0, 0, 0, 0, 0, 0, 0, 0, 0, 0, 0], [1, 0, 0, 0, 0, 0, 0, 0, 0, 0, 0, 0, 0, 0, 0, 0], [1, 0, 0, 0, 0, 0, 0, 0, 0, 0, 0, 0, 0, 0, 0, 0], [1, 0, 0, 0, 0, 0, 0, 0, 0, 0, 0, 0, 0, 0, 0, 0], [1, 0, 0, 0, 0, 0, 0, 0, 0, 0, 0, 0, 0, 0, 0, 0]], [[0, 1, 0, 0, 0, 0, 0, 0, 0, 0, 0, 0, 0, 0, 0, 0], [0, 1, 0, 0, 0, 0, 0, 0, 0, 0, 0, 0, 0, 0, 0, 0], [0, 1, 0, 0, 0, 0, 0, 0, 0, 0, 0, 0, 0, 0, 0, 0], [0, 1, 0, 0, 0, 0, 0, 0, 0, 0, 0, 0, 0, 0, 0, 0], [0, 1, 0, 0, 0, 0, 0, 0, 0, 0, 0, 0, 0, 0, 0, 0]], [[0, 0, 1, 0, 0, 0, 0, 0, 0, 0, 0, 0, 0, 0, 0, 0], [0, 0, 1, 0, 0, 0, 0, 0, 0, 0, 0, 0, 0, 0, 0, 0], [0, 0, 1, 0, 0, 0, 0, 0, 0, 0, 0, 0, 0, 0, 0, 0], [0, 0, 1, 0, 0, 0, 0, 0, 0, 0, 0, 0, 0, 0, 0, 0], [0, 0, 1, 0, 0, 0, 0, 0, 0, 0, 0, 0, 0, 0, 0, 0]], [[0, 0, 0, 1, 0, 0, 0, 0, 0, 0, 0, 0, 0, 0, 0, 0], [0, 0, 0, 1, 0, 0, 0, 0, 0, 0, 0, 0, 0, 0, 0, 0], [0, 0, 0, 1, 0, 0, 0, 0, 0, 0, 0, 0, 0, 0, 0, 0], [0, 0, 0, 1, 0, 0, 0, 0, 0, 0, 0, 0, 0, 0, 0, 0], [0, 0, 0, 1, 0, 0, 0, 0, 0, 0, 0, 0, 0, 0, 0, 0]], [[0, 0, 0, 0, 1, 0, 0, 0, 0, 0, 0, 0, 0, 0, 0, 0], [0, 0, 0, 0, 1, 0, 0, 0, 0, 0, 0, 0, 0, 0, 0, 0], [0, 0, 0, 0, 1, 0, 0, 0, 0, 0, 0, 0, 0, 0, 0, 0], [0, 0, 0, 0, 1, 0, 0, 0, 0, 0, 0, 0, 0, 0, 0, 0], [0, 0, 0, 0, 1, 0, 0, 0, 0, 0, 0, 0, 0, 0, 0, 0]], [[0, 0, 0, 0, 0, 1, 0, 0, 0, 0, 0, 0, 0, 0, 0, 0], [0, 0, 0, 0, 0, 1, 0, 0, 0, 0, 0, 0, 0, 0, 0, 0], [0, 0, 0, 0, 0, 1, 0, 0, 0, 0, 0, 0, 0, 0, 0, 0], [0, 0, 0, 0, 0, 1, 0, 0, 0, 0, 0, 0, 0, 0, 0, 0], [0, 0, 0, 0, 0, 1, 0, 0, 0, 0, 0, 0, 0, 0, 0, 0]], [[0, 0, 0, 0, 0, 0, 1, 0, 0, 0, 0, 0, 0, 0, 0, 0], [0, 0, 0, 0, 0, 0, 1, 0, 0, 0, 0, 0, 0, 0, 0, 0], [0, 0, 0, 0, 0, 0, 1, 0, 0, 0, 0, 0, 0, 0, 0, 0], [0, 0, 0, 0, 0, 0, 1, 0, 0, 0, 0, 0, 0, 0, 0, 0], [0, 0, 0, 0, 0, 0, 1, 0, 0, 0, 0, 0, 0, 0, 0, 0]], [[0, 0, 0, 0, 0, 0, 0, 1, 0, 0, 0, 0, 0, 0, 0, 0], [0, 0, 0, 0, 0, 0, 0, 1, 0, 0, 0, 0, 0, 0, 0, 0], [0, 0, 0, 0, 0, 0, 0, 1, 0, 0, 0, 0, 0, 0, 0, 0], [0, 0, 0, 0, 0, 0, 0, 1, 0, 0, 0, 0, 0, 0, 0, 0], [0, 0, 0, 0, 0, 0, 0, 1, 0, 0, 0, 0, 0, 0, 0, 0]], [[0, 0, 0, 0, 0, 0, 0, 0, 1, 0, 0, 0, 0, 0, 0, 0], [0, 0, 0, 0, 0, 0, 0, 0, 1, 0, 0, 0, 0, 0, 0, 0], [0, 0, 0, 0, 0, 0, 0, 0, 1, 0, 0, 0, 0, 0, 0, 0], [0, 0, 0, 0, 0, 0, 0, 0, 1, 0, 0, 0, 0, 0, 0, 0], [0, 0, 0, 0, 0, 0, 0, 0, 1, 0, 0, 0, 0, 0, 0, 0]], [[0, 0, 0, 0, 0, 0, 0, 0, 0, 1, 0, 0, 0, 0, 0, 0], [0, 0, 0, 0, 0, 0, 0, 0, 0, 1, 0, 0, 0, 0, 0, 0], [0, 0, 0, 0, 0, 0, 0, 0, 0, 1, 0, 0, 0, 0, 0, 0], [0, 0, 0, 0, 0, 0, 0, 0, 0, 1, 0, 0, 0, 0, 0, 0], [0, 0, 0, 0, 0, 0, 0, 0, 0, 1, 0, 0, 0, 0, 0, 0]], [[0, 0, 0, 0, 0, 0, 0, 0, 0, 0, 1, 0, 0, 0, 0, 0], [0, 0, 0, 0, 0, 0, 0, 0, 0, 0, 1, 0, 0, 0, 0, 0], [0, 0, 0, 0, 0, 0, 0, 0, 0, 0, 1, 0, 0, 0, 0, 0], [0, 0, 0, 0, 0, 0, 0, 0, 0, 0, 1, 0, 0, 0, 0, 0], [0, 0, 0, 0, 0, 0, 0, 0, 0, 0, 1, 0, 0, 0, 0, 0]], [[0, 0, 0, 0, 0, 0, 0, 0, 0, 0, 0, 1, 0, 0, 0, 0], [0, 0, 0, 0, 0, 0, 0, 0, 0, 0, 0, 1, 0, 0, 0, 0], [0, 0, 0, 0, 0, 0, 0, 0, 0, 0, 0, 1, 0, 0, 0, 0], [0, 0, 0, 0, 0, 0, 0, 0, 0, 0, 0, 1, 0, 0, 0, 0], [0, 0, 0, 0, 0, 0, 0, 0, 0, 0, 0, 1, 0, 0, 0, 0]], [[0, 0, 0, 0, 0, 0, 0, 0, 0, 0, 0, 0, 1, 0, 0, 0], [0, 0, 0, 0, 0, 0, 0, 0, 0, 0, 0, 0, 1, 0, 0, 0], [0, 0, 0, 0, 0, 0, 0, 0, 0, 0, 0, 0, 1, 0, 0, 0], [0, 0, 0, 0, 0, 0, 0, 0, 0, 0, 0, 0, 1, 0, 0, 0], [0, 0, 0, 0, 0, 0, 0, 0, 0, 0, 0, 0, 1, 0, 0, 0]], [[0, 0, 0, 0, 0, 0, 0, 0, 0, 0, 0, 0, 0, 1, 0, 0], [0, 0, 0, 0, 0, 0, 0, 0, 0, 0, 0, 0, 0, 1, 0, 0], [0, 0, 0, 0, 0, 0, 0, 0, 0, 0, 0, 0, 0, 1, 0, 0], [0, 0, 0, 0, 0, 0, 0, 0, 0, 0, 0, 0, 0, 1, 0, 0], [0, 0, 0, 0, 0, 0, 0, 0, 0, 0, 0, 0, 0, 1, 0, 0]], [[0, 0, 0, 0, 0, 0, 0, 0, 0, 0, 0, 0, 0, 0, 1, 0], [0, 0, 0, 0, 0, 0, 0, 0, 0, 0, 0, 0, 0, 0, 1, 0], [0, 0, 0, 0, 0, 0, 0, 0, 0, 0, 0, 0, 0, 0, 1, 0], [0, 0, 0, 0, 0, 0, 0, 0, 0, 0, 0, 0, 0, 0, 1, 0], [0, 0, 0, 0, 0, 0, 0, 0, 0, 0, 0, 0, 0, 0, 1, 0]], [[0, 0, 0, 0, 0, 0, 0, 0, 0, 0, 0, 0, 0, 0, 0, 1], [0, 0, 0, 0, 0, 0, 0, 0, 0, 0, 0, 0, 0, 0, 0, 1], [0, 0, 0, 0, 0, 0, 0, 0, 0, 0, 0, 0, 0, 0, 0, 1], [0, 0, 0, 0, 0, 0, 0, 0, 0, 0, 0, 0, 0, 0, 0, 1], [0, 0, 0, 0, 0, 0, 0, 0, 0, 0, 0, 0, 0, 0, 0, 1]]], prehc: 0, lambdahc: 3.059235105, rcut: 4.67637, dcut: 0.01, rcut_in: 0.0, dcut_in: 0.01, inner_cutoff_type: distance}
functions:
  0:
    - {mu0: 0, rank: 1, ndensity: 1, num_ms_combs: 1, mus: [0], ns: [1], ls: [0], ms_combs: [0], ctildes: [1.0]}
    - {mu0: 0, rank: 1, ndensity: 1, num_ms_combs: 1, mus: [0], ns: [2], ls: [0], ms_combs: [0], ctildes: [1.0]}
    - {mu0: 0, rank: 1, ndensity: 1, num_ms_combs: 1, mus: [0], ns: [3], ls: [0], ms_combs: [0], ctildes: [1.0]}
    - {mu0: 0, rank: 1, ndensity: 1, num_ms_combs: 1, mus: [0], ns: [4], ls: [0], ms_combs: [0], ctildes: [1.0]}
    - {mu0: 0, rank: 1, ndensity: 1, num_ms_combs: 1, mus: [0], ns: [5], ls: [0], ms_combs: [0], ctildes: [1.0]}
    - {mu0: 0, rank: 1, ndensity: 1, num_ms_combs: 1, mus: [0], ns: [6], ls: [0], ms_combs: [0], ctildes: [1.0]}
    - {mu0: 0, rank: 1, ndensity: 1, num_ms_combs: 1, mus: [0], ns: [7], ls: [0], ms_combs: [0], ctildes: [1.0]}
    - {mu0: 0, rank: 1, ndensity: 1, num_ms_combs: 1, mus: [0], ns: [8], ls: [0], ms_combs: [0], ctildes: [1.0]}
    - {mu0: 0, rank: 1, ndensity: 1, num_ms_combs: 1, mus: [0], ns: [9], ls: [0], ms_combs: [0], ctildes: [1.0]}
    - {mu0: 0, rank: 1, ndensity: 1, num_ms_combs: 1, mus: [0], ns: [10], ls: [0], ms_combs: [0], ctildes: [1.0]}
    - {mu0: 0, rank: 1, ndensity: 1, num_ms_combs: 1, mus: [0], ns: [11], ls: [0], ms_combs: [0], ctildes: [1.0]}
    - {mu0: 0, rank: 1, ndensity: 1, num_ms_combs: 1, mus: [0], ns: [12], ls: [0], ms_combs: [0], ctildes: [1.0]}
    - {mu0: 0, rank: 1, ndensity: 1, num_ms_combs: 1, mus: [0], ns: [13], ls: [0], ms_combs: [0], ctildes: [1.0]}
    - {mu0: 0, rank: 1, ndensity: 1, num_ms_combs: 1, mus: [0], ns: [14], ls: [0], ms_combs: [0], ctildes: [1.0]}
    - {mu0: 0, rank: 1, ndensity: 1, num_ms_combs: 1, mus: [0], ns: [15], ls: [0], ms_combs: [0], ctildes: [1.0]}
    - {mu0: 0, rank: 1, ndensity: 1, num_ms_combs: 1, mus: [0], ns: [16], ls: [0], ms_combs: [0], ctildes: [1.0]}
    - {mu0: 0, rank: 2, ndensity: 1, num_ms_combs: 1, mus: [0, 0], ns: [1, 1], ls: [0, 0], ms_combs: [0, 0], ctildes: [1.0]}
    - {mu0: 0, rank: 2, ndensity: 1, num_ms_combs: 1, mus: [0, 0], ns: [1, 2], ls: [0, 0], ms_combs: [0, 0], ctildes: [1.0]}
    - {mu0: 0, rank: 2, ndensity: 1, num_ms_combs: 1, mus: [0, 0], ns: [1, 3], ls: [0, 0], ms_combs: [0, 0], ctildes: [1.0]}
    - {mu0: 0, rank: 2, ndensity: 1, num_ms_combs: 1, mus: [0, 0], ns: [1, 4], ls: [0, 0], ms_combs: [0, 0], ctildes: [1.0]}
    - {mu0: 0, rank: 2, ndensity: 1, num_ms_combs: 1, mus: [0, 0], ns: [2, 2], ls: [0, 0], ms_combs: [0, 0], ctildes: [1.0]}
    - {mu0: 0, rank: 2, ndensity: 1, num_ms_combs: 1, mus: [0, 0], ns: [2, 3], ls: [0, 0], ms_combs: [0, 0], ctildes: [1.0]}
    - {mu0: 0, rank: 2, ndensity: 1, num_ms_combs: 1, mus: [0, 0], ns: [2, 4], ls: [0, 0], ms_combs: [0, 0], ctildes: [1.0]}
    - {mu0: 0, rank: 2, ndensity: 1, num_ms_combs: 1, mus: [0, 0], ns: [3, 3], ls: [0, 0], ms_combs: [0, 0], ctildes: [1.0]}
    - {mu0: 0, rank: 2, ndensity: 1, num_ms_combs: 1, mus: [0, 0], ns: [3, 4], ls: [0, 0], ms_combs: [0, 0], ctildes: [1.0]}
    - {mu0: 0, rank: 2, ndensity: 1, num_ms_combs: 1, mus: [0, 0], ns: [4, 4], ls: [0, 0], ms_combs: [0, 0], ctildes: [1.0]}
    - {mu0: 0, rank: 2, ndensity: 1, num_ms_combs: 3, mus: [0, 0], ns: [1, 1], ls: [1, 1], ms_combs: [-1, 1, 0, 0, 1, -1], ctildes: [0.5773502588272095, -0.5773502588272095, 0.5773502588272095]}
    - {mu0: 0, rank: 2, ndensity: 1, num_ms_combs: 3, mus: [0, 0], ns: [1, 2], ls: [1, 1], ms_combs: [-1, 1, 0, 0, 1, -1], ctildes: [0.5773502588272095, -0.5773502588272095, 0.5773502588272095]}
    - {mu0: 0, rank: 2, ndensity: 1, num_ms_combs: 3, mus: [0, 0], ns: [1, 3], ls: [1, 1], ms_combs: [-1, 1, 0, 0, 1, -1], ctildes: [0.5773502588272095, -0.5773502588272095, 0.5773502588272095]}
    - {mu0: 0, rank: 2, ndensity: 1, num_ms_combs: 3, mus: [0, 0], ns: [1, 4], ls: [1, 1], ms_combs: [-1, 1, 0, 0, 1, -1], ctildes: [0.5773502588272095, -0.5773502588272095, 0.5773502588272095]}
    - {mu0: 0, rank: 2, ndensity: 1, num_ms_combs: 3, mus: [0, 0], ns: [2, 2], ls: [1, 1], ms_combs: [-1, 1, 0, 0, 1, -1], ctildes: [0.5773502588272095, -0.5773502588272095, 0.5773502588272095]}
    - {mu0: 0, rank: 2, ndensity: 1, num_ms_combs: 3, mus: [0, 0], ns: [2, 3], ls: [1, 1], ms_combs: [-1, 1, 0, 0, 1, -1], ctildes: [0.5773502588272095, -0.5773502588272095, 0.5773502588272095]}
    - {mu0: 0, rank: 2, ndensity: 1, num_ms_combs: 3, mus: [0, 0], ns: [2, 4], ls: [1, 1], ms_combs: [-1, 1, 0, 0, 1, -1], ctildes: [0.5773502588272095, -0.5773502588272095, 0.5773502588272095]}
    - {mu0: 0, rank: 2, ndensity: 1, num_ms_combs: 3, mus: [0, 0], ns: [3, 3], ls: [1, 1], ms_combs: [-1, 1, 0, 0, 1, -1], ctildes: [0.5773502588272095, -0.5773502588272095, 0.5773502588272095]}
    - {mu0: 0, rank: 2, ndensity: 1, num_ms_combs: 3, mus: [0, 0], ns: [3, 4], ls: [1, 1], ms_combs: [-1, 1, 0, 0, 1, -1], ctildes: [0.5773502588272095, -0.5773502588272095, 0.5773502588272095]}
    - {mu0: 0, rank: 2, ndensity: 1, num_ms_combs: 3, mus: [0, 0], ns: [4, 4], ls: [1, 1], ms_combs: [-1, 1, 0, 0, 1, -1], ctildes: [0.5773502588272095, -0.5773502588272095, 0.5773502588272095]}
    - {mu0: 0, rank: 3, ndensity: 1, num_ms_combs: 1, mus: [0, 0, 0], ns: [1, 1, 1], ls: [0, 0, 0], ms_combs: [0, 0, 0], ctildes: [1.0]}
    - {mu0: 0, rank: 3, ndensity: 1, num_ms_combs: 1, mus: [0, 0, 0], ns: [1, 1, 2], ls: [0, 0, 0], ms_combs: [0, 0, 0], ctildes: [1.0]}
    - {mu0: 0, rank: 3, ndensity: 1, num_ms_combs: 1, mus: [0, 0, 0], ns: [1, 2, 2], ls: [0, 0, 0], ms_combs: [0, 0, 0], ctildes: [1.0]}
    - {mu0: 0, rank: 3, ndensity: 1, num_ms_combs: 1, mus: [0, 0, 0], ns: [2, 2, 2], ls: [0, 0, 0], ms_combs: [0, 0, 0], ctildes: [1.0]}
    - {mu0: 0, rank: 3, ndensity: 1, num_ms_combs: 3, mus: [0, 0, 0], ns: [1, 1, 1], ls: [0, 1, 1], ms_combs: [0, -1, 1, 0, 0, 0, 0, 1, -1], ctildes: [0.33333332136784577, -0.33333332136784577, 0.33333332136784577]}
    - {mu0: 0, rank: 3, ndensity: 1, num_ms_combs: 3, mus: [0, 0, 0], ns: [1, 1, 2], ls: [0, 1, 1], ms_combs: [0, -1, 1, 0, 0, 0, 0, 1, -1], ctildes: [0.33333332136784577, -0.33333332136784577, 0.33333332136784577]}
    - {mu0: 0, rank: 3, ndensity: 1, num_ms_combs: 3, mus: [0, 0, 0], ns: [1, 2, 2], ls: [0, 1, 1], ms_combs: [0, -1, 1, 0, 0, 0, 0, 1, -1], ctildes: [0.33333332136784577, -0.33333332136784577, 0.33333332136784577]}
    - {mu0: 0, rank: 3, ndensity: 1, num_ms_combs: 3, mus: [0, 0, 0], ns: [2, 1, 1], ls: [0, 1, 1], ms_combs: [0, -1, 1, 0, 0, 0, 0, 1, -1], ctildes: [0.33333332136784577, -0.33333332136784577, 0.33333332136784577]}
    - {mu0: 0, rank: 3, ndensity: 1, num_ms_combs: 3, mus: [0, 0, 0], ns: [2, 1, 2], ls: [0, 1, 1], ms_combs: [0, -1, 1, 0, 0, 0, 0, 1, -1], ctildes: [0.33333332136784577, -0.33333332136784577, 0.33333332136784577]}
    - {mu0: 0, rank: 3, ndensity: 1, num_ms_combs: 3, mus: [0, 0, 0], ns: [2, 2, 2], ls: [0, 1, 1], ms_combs: [0, -1, 1, 0, 0, 0, 0, 1, -1], ctildes: [0.33333332136784577, -0.33333332136784577, 0.33333332136784577]}
    - {mu0: 0, rank: 3, ndensity: 1, num_ms_combs: 5, mus: [0, 0, 0], ns: [1, 1, 1], ls: [0, 2, 2], ms_combs: [0, -2, 2, 0, -1, 1, 0, 0, 0, 0, 1, -1, 0, 2, -2], ctildes: [0.1999999952104794, -0.1999999952104794, 0.1999999952104794, -0.1999999952104794, 0.1999999952104794]}
    - {mu0: 0, rank: 3, ndensity: 1, num_ms_combs: 5, mus: [0, 0, 0], ns: [1, 1, 2], ls: [0, 2, 2], ms_combs: [0, -2, 2, 0, -1, 1, 0, 0, 0, 0, 1, -1, 0, 2, -2], ctildes: [0.1999999952104794, -0.1999999952104794, 0.1999999952104794, -0.1999999952104794, 0.1999999952104794]}
    - {mu0: 0, rank: 3, ndensity: 1, num_ms_combs: 5, mus: [0, 0, 0], ns: [1, 2, 2], ls: [0, 2, 2], ms_combs: [0, -2, 2, 0, -1, 1, 0, 0, 0, 0, 1, -1, 0, 2, -2], ctildes: [0.1999999952104794, -0.1999999952104794, 0.1999999952104794, -0.1999999952104794, 0.1999999952104794]}
    - {mu0: 0, rank: 3, ndensity: 1, num_ms_combs: 5, mus: [0, 0, 0], ns: [2, 1, 1], ls: [0, 2, 2], ms_combs: [0, -2, 2, 0, -1, 1, 0, 0, 0, 0, 1, -1, 0, 2, -2], ctildes: [0.1999999952104794, -0.1999999952104794, 0.1999999952104794, -0.1999999952104794, 0.1999999952104794]}
    - {mu0: 0, rank: 3, ndensity: 1, num_ms_combs: 5, mus: [0, 0, 0], ns: [2, 1, 2], ls: [0, 2, 2], ms_combs: [0, -2, 2, 0, -1, 1, 0, 0, 0, 0, 1, -1, 0, 2, -2], ctildes: [0.1999999952104794, -0.1999999952104794, 0.1999999952104794, -0.1999999952104794, 0.1999999952104794]}
    - {mu0: 0, rank: 3, ndensity: 1, num_ms_combs: 5, mus: [0, 0, 0], ns: [2, 2, 2], ls: [0, 2, 2], ms_combs: [0, -2, 2, 0, -1, 1, 0, 0, 0, 0, 1, -1, 0, 2, -2], ctildes: [0.1999999952104794, -0.1999999952104794, 0.1999999952104794, -0.1999999952104794, 0.1999999952104794]}
    - {mu0: 0, rank: 3, ndensity: 1, num_ms_combs: 7, mus: [0, 0, 0], ns: [1, 1, 1], ls: [0, 3, 3], ms_combs: [0, -3, 3, 0, -2, 2, 0, -1, 1, 0, 0, 0, 0, 1, -1, 0, 2, -2, 0, 3, -3], ctildes: [0.14285713817113876, -0.14285713817113876, 0.14285713817113876, -0.14285713817113876, 0.14285713817113876, -0.14285713817113876, 0.14285713817113876]}
    - {mu0: 0, rank: 3, ndensity: 1, num_ms_combs: 7, mus: [0, 0, 0], ns: [1, 1, 2], ls: [0, 3, 3], ms_combs: [0, -3, 3, 0, -2, 2, 0, -1, 1, 0, 0, 0, 0, 1, -1, 0, 2, -2, 0, 3, -3], ctildes: [0.14285713817113876, -0.14285713817113876, 0.14285713817113876, -0.14285713817113876, 0.14285713817113876, -0.14285713817113876, 0.14285713817113876]}
    - {mu0: 0, rank: 3, ndensity: 1, num_ms_combs: 7, mus: [0, 0, 0], ns: [1, 2, 2], ls: [0, 3, 3], ms_combs: [0, -3, 3, 0, -2, 2, 0, -1, 1, 0, 0, 0, 0, 1, -1, 0, 2, -2, 0, 3, -3], ctildes: [0.14285713817113876, -0.14285713817113876, 0.14285713817113876, -0.14285713817113876, 0.14285713817113876, -0.14285713817113876, 0.14285713817113876]}
    - {mu0: 0, rank: 3, ndensity: 1, num_ms_combs: 7, mus: [0, 0, 0], ns: [2, 1, 1], ls: [0, 3, 3], ms_combs: [0, -3, 3, 0, -2, 2, 0, -1, 1, 0, 0, 0, 0, 1, -1, 0, 2, -2, 0, 3, -3], ctildes: [0.14285713817113876, -0.14285713817113876, 0.14285713817113876, -0.14285713817113876, 0.14285713817113876, -0.14285713817113876, 0.14285713817113876]}
    - {mu0: 0, rank: 3, ndensity: 1, num_ms_combs: 7, mus: [0, 0, 0], ns: [2, 1, 2], ls: [0, 3, 3], ms_combs: [0, -3, 3, 0, -2, 2, 0, -1, 1, 0, 0, 0, 0, 1, -1, 0, 2, -2, 0, 3, -3], ctildes: [0.14285713817113876, -0.14285713817113876, 0.14285713817113876, -0.14285713817113876, 0.14285713817113876, -0.14285713817113876, 0.14285713817113876]}
    - {mu0: 0, rank: 3, ndensity: 1, num_ms_combs: 7, mus: [0, 0, 0], ns: [2, 2, 2], ls: [0, 3, 3], ms_combs: [0, -3, 3, 0, -2, 2, 0, -1, 1, 0, 0, 0, 0, 1, -1, 0, 2, -2, 0, 3, -3], ctildes: [0.14285713817113876, -0.14285713817113876, 0.14285713817113876, -0.14285713817113876, 0.14285713817113876, -0.14285713817113876, 0.14285713817113876]}
    - {mu0: 0, rank: 3, ndensity: 1, num_ms_combs: 9, mus: [0, 0, 0], ns: [1, 1, 1], ls: [0, 4, 4], ms_combs: [0, -4, 4, 0, -3, 3, 0, -2, 2, 0, -1, 1, 0, 0, 0, 0, 1, -1, 0, 2, -2, 0, 3, -3, 0, 4, -4], ctildes: [0.11111111773384952, -0.11111111773384952, 0.11111111773384952, -0.11111111773384952, 0.11111111773384952, -0.11111111773384952, 0.11111111773384952, -0.11111111773384952, 0.11111111773384952]}
    - {mu0: 0, rank: 3, ndensity: 1, num_ms_combs: 9, mus: [0, 0, 0], ns: [1, 1, 2], ls: [0, 4, 4], ms_combs: [0, -4, 4, 0, -3, 3, 0, -2, 2, 0, -1, 1, 0, 0, 0, 0, 1, -1, 0, 2, -2, 0, 3, -3, 0, 4, -4], ctildes: [0.11111111773384952, -0.11111111773384952, 0.11111111773384952, -0.11111111773384952, 0.11111111773384952, -0.11111111773384952, 0.11111111773384952, -0.11111111773384952, 0.11111111773384952]}
    - {mu0: 0, rank: 3, ndensity: 1, num_ms_combs: 9, mus: [0, 0, 0], ns: [1, 2, 2], ls: [0, 4, 4], ms_combs: [0, -4, 4, 0, -3, 3, 0, -2, 2, 0, -1, 1, 0, 0, 0, 0, 1, -1, 0, 2, -2, 0, 3, -3, 0, 4, -4], ctildes: [0.11111111773384952, -0.11111111773384952, 0.11111111773384952, -0.11111111773384952, 0.11111111773384952, -0.11111111773384952, 0.11111111773384952, -0.11111111773384952, 0.11111111773384952]}
    - {mu0: 0, rank: 3, ndensity: 1, num_ms_combs: 9, mus: [0, 0, 0], ns: [2, 1, 1], ls: [0, 4, 4], ms_combs: [0, -4, 4, 0, -3, 3, 0, -2, 2, 0, -1, 1, 0, 0, 0, 0, 1, -1, 0, 2, -2, 0, 3, -3, 0, 4, -4], ctildes: [0.11111111773384952, -0.11111111773384952, 0.11111111773384952, -0.11111111773384952, 0.11111111773384952, -0.11111111773384952, 0.11111111773384952, -0.11111111773384952, 0.11111111773384952]}
    - {mu0: 0, rank: 3, ndensity: 1, num_ms_combs: 9, mus: [0, 0, 0], ns: [2, 1, 2], ls: [0, 4, 4], ms_combs: [0, -4, 4, 0, -3, 3, 0, -2, 2, 0, -1, 1, 0, 0, 0, 0, 1, -1, 0, 2, -2, 0, 3, -3, 0, 4, -4], ctildes: [0.11111111773384952, -0.11111111773384952, 0.11111111773384952, -0.11111111773384952, 0.11111111773384952, -0.11111111773384952, 0.11111111773384952, -0.11111111773384952, 0.11111111773384952]}
    - {mu0: 0, rank: 3, ndensity: 1, num_ms_combs: 9, mus: [0, 0, 0], ns: [2, 2, 2], ls: [0, 4, 4], ms_combs: [0, -4, 4, 0, -3, 3, 0, -2, 2, 0, -1, 1, 0, 0, 0, 0, 1, -1, 0, 2, -2, 0, 3, -3, 0, 4, -4], ctildes: [0.11111111773384952, -0.11111111773384952, 0.11111111773384952, -0.11111111773384952, 0.11111111773384952, -0.11111111773384952, 0.11111111773384952, -0.11111111773384952, 0.11111111773384952]}
    - {mu0: 0, rank: 3, ndensity: 1, num_ms_combs: 9, mus: [0, 0, 0], ns: [1, 1, 1], ls: [1, 1, 2], ms_combs: [-1, -1, 2, -1, 0, 1, -1, 1, 0, 0, -1, 1, 0, 0, 0, 0, 1, -1, 1, -1, 0, 1, 0, -1, 1, 1, -2], ctildes: [0.1999999952104794, -0.14142135359335306, 0.08164966239889981, -0.14142135359335306, 0.16329932479779963, -0.14142135359335306, 0.08164966239889981, -0.14142135359335306, 0.1999999952104794]}
    - {mu0: 0, rank: 3, ndensity: 1, num_ms_combs: 9, mus: [0, 0, 0], ns: [1, 1, 2], ls: [1, 1, 2], ms_combs: [-1, -1, 2, -1, 0, 1, -1, 1, 0, 0, -1, 1, 0, 0, 0, 0, 1, -1, 1, -1, 0, 1, 0, -1, 1, 1, -2], ctildes: [0.1999999952104794, -0.14142135359335306, 0.08164966239889981, -0.14142135359335306, 0.16329932479779963, -0.14142135359335306, 0.08164966239889981, -0.14142135359335306, 0.1999999952104794]}
    - {mu0: 0, rank: 3, ndensity: 1, num_ms_combs: 9, mus: [0, 0, 0], ns: [1, 2, 1], ls: [1, 1, 2], ms_combs: [-1, -1, 2, -1, 0, 1, -1, 1, 0, 0, -1, 1, 0, 0, 0, 0, 1, -1, 1, -1, 0, 1, 0, -1, 1, 1, -2], ctildes: [0.1999999952104794, -0.14142135359335306, 0.08164966239889981, -0.14142135359335306, 0.16329932479779963, -0.14142135359335306, 0.08164966239889981, -0.14142135359335306, 0.1999999952104794]}
    - {mu0: 0, rank: 3, ndensity: 1, num_ms_combs: 9, mus: [0, 0, 0], ns: [1, 2, 2], ls: [1, 1, 2], ms_combs: [-1, -1, 2, -1, 0, 1, -1, 1, 0, 0, -1, 1, 0, 0, 0, 0, 1, -1, 1, -1, 0, 1, 0, -1, 1, 1, -2], ctildes: [0.1999999952104794, -0.14142135359335306, 0.08164966239889981, -0.14142135359335306, 0.16329932479779963, -0.14142135359335306, 0.08164966239889981, -0.14142135359335306, 0.1999999952104794]}
    - {mu0: 0, rank: 3, ndensity: 1, num_ms_combs: 9, mus: [0, 0, 0], ns: [2, 2, 1], ls: [1, 1, 2], ms_combs: [-1, -1, 2, -1, 0, 1, -1, 1, 0, 0, -1, 1, 0, 0, 0, 0, 1, -1, 1, -1, 0, 1, 0, -1, 1, 1, -2], ctildes: [0.1999999952104794, -0.14142135359335306, 0.08164966239889981, -0.14142135359335306, 0.16329932479779963, -0.14142135359335306, 0.08164966239889981, -0.14142135359335306, 0.1999999952104794]}
    - {mu0: 0, rank: 3, ndensity: 1, num_ms_combs: 9, mus: [0, 0, 0], ns: [2, 2, 2], ls: [1, 1, 2], ms_combs: [-1, -1, 2, -1, 0, 1, -1, 1, 0, 0, -1, 1, 0, 0, 0, 0, 1, -1, 1, -1, 0, 1, 0, -1, 1, 1, -2], ctildes: [0.1999999952104794, -0.14142135359335306, 0.08164966239889981, -0.14142135359335306, 0.16329932479779963, -0.14142135359335306, 0.08164966239889981, -0.14142135359335306, 0.1999999952104794]}
    - {mu0: 0, rank: 3, ndensity: 1, num_ms_combs: 15, mus: [0, 0, 0], ns: [1, 1, 1], ls: [1, 2, 3], ms_combs: [-1, -2, 3, -1, -1, 2, -1, 0, 1, -1, 1, 0, -1, 2, -1, 0, -2, 2, 0, -1, 1, 0, 0, 0, 0, 1, -1, 0, 2, -2, 1, -2, 1, 1, -1, 0, 1, 0, -1, 1, 1, -2, 1, 2, -3], ctildes: [0.14285713817113876, -0.11664237211493589, 0.09035078971800603, -0.06388765326736667, 0.03688555491939627, -0.08247860448643873, 0.10432810273894777, -0.11065666757424353, 0.10432810273894777, -0.08247860448643873, 0.03688555491939627, -0.06388765326736667, 0.09035078971800603, -0.11664237211493589, 0.14285713817113876]}
    - {mu0: 0, rank: 3, ndensity: 1, num_ms_combs: 15, mus: [0, 0, 0], ns: [1, 1, 2], ls: [1, 2, 3], ms_combs: [-1, -2, 3, -1, -1, 2, -1, 0, 1, -1, 1, 0, -1, 2, -1, 0, -2, 2, 0, -1, 1, 0, 0, 0, 0, 1, -1, 0, 2, -2, 1, -2, 1, 1, -1, 0, 1, 0, -1, 1, 1, -2, 1, 2, -3], ctildes: [0.14285713817113876, -0.11664237211493589, 0.09035078971800603, -0.06388765326736667, 0.03688555491939627, -0.08247860448643873, 0.10432810273894777, -0.11065666757424353, 0.10432810273894777, -0.08247860448643873, 0.03688555491939627, -0.06388765326736667, 0.09035078971800603, -0.11664237211493589, 0.14285713817113876]}
    - {mu0: 0, rank: 3, ndensity: 1, num_ms_combs: 15, mus: [0, 0, 0], ns: [1, 2, 1], ls: [1, 2, 3], ms_combs: [-1, -2, 3, -1, -1, 2, -1, 0, 1, -1, 1, 0, -1, 2, -1, 0, -2, 2, 0, -1, 1, 0, 0, 0, 0, 1, -1, 0, 2, -2, 1, -2, 1, 1, -1, 0, 1, 0, -1, 1, 1, -2, 1, 2, -3], ctildes: [0.14285713817113876, -0.11664237211493589, 0.09035078971800603, -0.06388765326736667, 0.03688555491939627, -0.08247860448643873, 0.10432810273894777, -0.11065666757424353, 0.10432810273894777, -0.08247860448643873, 0.03688555491939627, -0.06388765326736667, 0.09035078971800603, -0.11664237211493589, 0.14285713817113876]}
    - {mu0: 0, rank: 3, ndensity: 1, num_ms_combs: 15, mus: [0, 0, 0], ns: [1, 2, 2], ls: [1, 2, 3], ms_combs: [-1, -2, 3, -1, -1, 2, -1, 0, 1, -1, 1, 0, -1, 2, -1, 0, -2, 2, 0, -1, 1, 0, 0, 0, 0, 1, -1, 0, 2, -2, 1, -2, 1, 1, -1, 0, 1, 0, -1, 1, 1, -2, 1, 2, -3], ctildes: [0.14285713817113876, -0.11664237211493589, 0.09035078971800603, -0.06388765326736667, 0.03688555491939627, -0.08247860448643873, 0.10432810273894777, -0.11065666757424353, 0.10432810273894777, -0.08247860448643873, 0.03688555491939627, -0.06388765326736667, 0.09035078971800603, -0.11664237211493589, 0.14285713817113876]}
    - {mu0: 0, rank: 3, ndensity: 1, num_ms_combs: 15, mus: [0, 0, 0], ns: [2, 1, 1], ls: [1, 2, 3], ms_combs: [-1, -2, 3, -1, -1, 2, -1, 0, 1, -1, 1, 0, -1, 2, -1, 0, -2, 2, 0, -1, 1, 0, 0, 0, 0, 1, -1, 0, 2, -2, 1, -2, 1, 1, -1, 0, 1, 0, -1, 1, 1, -2, 1, 2, -3], ctildes: [0.14285713817113876, -0.11664237211493589, 0.09035078971800603, -0.06388765326736667, 0.03688555491939627, -0.08247860448643873, 0.10432810273894777, -0.11065666757424353, 0.10432810273894777, -0.08247860448643873, 0.03688555491939627, -0.06388765326736667, 0.09035078971800603, -0.11664237211493589, 0.14285713817113876]}
    - {mu0: 0, rank: 3, ndensity: 1, num_ms_combs: 15, mus: [0, 0, 0], ns: [2, 1, 2], ls: [1, 2, 3], ms_combs: [-1, -2, 3, -1, -1, 2, -1, 0, 1, -1, 1, 0, -1, 2, -1, 0, -2, 2, 0, -1, 1, 0, 0, 0, 0, 1, -1, 0, 2, -2, 1, -2, 1, 1, -1, 0, 1, 0, -1, 1, 1, -2, 1, 2, -3], ctildes: [0.14285713817113876, -0.11664237211493589, 0.09035078971800603, -0.06388765326736667, 0.03688555491939627, -0.08247860448643873, 0.10432810273894777, -0.11065666757424353, 0.10432810273894777, -0.08247860448643873, 0.03688555491939627, -0.06388765326736667, 0.09035078971800603, -0.11664237211493589, 0.14285713817113876]}
    - {mu0: 0, rank: 3, ndensity: 1, num_ms_combs: 15, mus: [0, 0, 0], ns: [2, 2, 1], ls: [1, 2, 3], ms_combs: [-1, -2, 3, -1, -1, 2, -1, 0, 1, -1, 1, 0, -1, 2, -1, 0, -2, 2, 0, -1, 1, 0, 0, 0, 0, 1, -1, 0, 2, -2, 1, -2, 1, 1, -1, 0, 1, 0, -1, 1, 1, -2, 1, 2, -3], ctildes: [0.14285713817113876, -0.11664237211493589, 0.09035078971800603, -0.06388765326736667, 0.03688555491939627, -0.08247860448643873, 0.10432810273894777, -0.11065666757424353, 0.10432810273894777, -0.08247860448643873, 0.03688555491939627, -0.06388765326736667, 0.09035078971800603, -0.11664237211493589, 0.14285713817113876]}
    - {mu0: 0, rank: 3, ndensity: 1, num_ms_combs: 15, mus: [0, 0, 0], ns: [2, 2, 2], ls: [1, 2, 3], ms_combs: [-1, -2, 3, -1, -1, 2, -1, 0, 1, -1, 1, 0, -1, 2, -1, 0, -2, 2, 0, -1, 1, 0, 0, 0, 0, 1, -1, 0, 2, -2, 1, -2, 1, 1, -1, 0, 1, 0, -1, 1, 1, -2, 1, 2, -3], ctildes: [0.14285713817113876, -0.11664237211493589, 0.09035078971800603, -0.06388765326736667, 0.03688555491939627, -0.08247860448643873, 0.10432810273894777, -0.11065666757424353, 0.10432810273894777, -0.08247860448643873, 0.03688555491939627, -0.06388765326736667, 0.09035078971800603, -0.11664237211493589, 0.14285713817113876]}
    - {mu0: 0, rank: 3, ndensity: 1, num_ms_combs: 21, mus: [0, 0, 0], ns: [1, 1, 1], ls: [1, 3, 4], ms_combs: [-1, -3, 4, -1, -2, 3, -1, -1, 2, -1, 0, 1, -1, 1, 0, -1, 2, -1, -1, 3, -2, 0, -3, 3, 0, -2, 2, 0, -1, 1, 0, 0, 0, 0, 1, -1, 0, 2, -2, 0, 3, -3, 1, -3, 2, 1, -2, 1, 1, -1, 0, 1, 0, -1, 1, 1, -2, 1, 2, -3, 1, 3, -4], ctildes: [0.11111111773384952, -0.096225046005598, 0.08132501188889174, -0.0664015879154678, 0.051434453867905905, -0.036369650156388156, 0.020998026559691407, -0.05555555886692476, 0.07273930031277631, -0.08132501188889174, 0.08399210623876563, -0.08132501188889174, 0.07273930031277631, -0.05555555886692476, 0.020998026559691407, -0.036369650156388156, 0.051434453867905905, -0.0664015879154678, 0.08132501188889174, -0.096225046005598, 0.11111111773384952]}
    - {mu0: 0, rank: 3, ndensity: 1, num_ms_combs: 21, mus: [0, 0, 0], ns: [1, 1, 2], ls: [1, 3, 4], ms_combs: [-1, -3, 4, -1, -2, 3, -1, -1, 2, -1, 0, 1, -1, 1, 0, -1, 2, -1, -1, 3, -2, 0, -3, 3, 0, -2, 2, 0, -1, 1, 0, 0, 0, 0, 1, -1, 0, 2, -2, 0, 3, -3, 1, -3, 2, 1, -2, 1, 1, -1, 0, 1, 0, -1, 1, 1, -2, 1, 2, -3, 1, 3, -4], ctildes: [0.11111111773384952, -0.096225046005598, 0.08132501188889174, -0.0664015879154678, 0.051434453867905905, -0.036369650156388156, 0.020998026559691407, -0.05555555886692476, 0.07273930031277631, -0.08132501188889174, 0.08399210623876563, -0.08132501188889174, 0.07273930031277631, -0.05555555886692476, 0.020998026559691407, -0.036369650156388156, 0.051434453867905905, -0.0664015879154678, 0.08132501188889174, -0.096225046005598, 0.11111111773384952]}
    - {mu0: 0, rank: 3, ndensity: 1, num_ms_combs: 21, mus: [0, 0, 0], ns: [1, 2, 1], ls: [1, 3, 4], ms_combs: [-1, -3, 4, -1, -2, 3, -1, -1, 2, -1, 0, 1, -1, 1, 0, -1, 2, -1, -1, 3, -2, 0, -3, 3, 0, -2, 2, 0, -1, 1, 0, 0, 0, 0, 1, -1, 0, 2, -2, 0, 3, -3, 1, -3, 2, 1, -2, 1, 1, -1, 0, 1, 0, -1, 1, 1, -2, 1, 2, -3, 1, 3, -4], ctildes: [0.11111111773384952, -0.096225046005598, 0.08132501188889174, -0.0664015879154678, 0.051434453867905905, -0.036369650156388156, 0.020998026559691407, -0.05555555886692476, 0.07273930031277631, -0.08132501188889174, 0.08399210623876563, -0.08132501188889174, 0.07273930031277631, -0.05555555886692476, 0.020998026559691407, -0.036369650156388156, 0.051434453867905905, -0.0664015879154678, 0.08132501188889174, -0.096225046005598, 0.11111111773384952]}
    - {mu0: 0, rank: 3, ndensity: 1, num_ms_combs: 21, mus: [0, 0, 0], ns: [1, 2, 2], ls: [1, 3, 4], ms_combs: [-1, -3, 4, -1, -2, 3, -1, -1, 2, -1, 0, 1, -1, 1, 0, -1, 2, -1, -1, 3, -2, 0, -3, 3, 0, -2, 2, 0, -1, 1, 0, 0, 0, 0, 1, -1, 0, 2, -2, 0, 3, -3, 1, -3, 2, 1, -2, 1, 1, -1, 0, 1, 0, -1, 1, 1, -2, 1, 2, -3, 1, 3, -4], ctildes: [0.11111111773384952, -0.096225046005598, 0.08132501188889174, -0.0664015879154678, 0.051434453867905905, -0.036369650156388156, 0.020998026559691407, -0.05555555886692476, 0.07273930031277631, -0.08132501188889174, 0.08399210623876563, -0.08132501188889174, 0.07273930031277631, -0.05555555886692476, 0.020998026559691407, -0.036369650156388156, 0.051434453867905905, -0.0664015879154678, 0.08132501188889174, -0.096225046005598, 0.11111111773384952]}
    - {mu0: 0, rank: 3, ndensity: 1, num_ms_combs: 21, mus: [0, 0, 0], ns: [2, 1, 1], ls: [1, 3, 4], ms_combs: [-1, -3, 4, -1, -2, 3, -1, -1, 2, -1, 0, 1, -1, 1, 0, -1, 2, -1, -1, 3, -2, 0, -3, 3, 0, -2, 2, 0, -1, 1, 0, 0, 0, 0, 1, -1, 0, 2, -2, 0, 3, -3, 1, -3, 2, 1, -2, 1, 1, -1, 0, 1, 0, -1, 1, 1, -2, 1, 2, -3, 1, 3, -4], ctildes: [0.11111111773384952, -0.096225046005598, 0.08132501188889174, -0.0664015879154678, 0.051434453867905905, -0.036369650156388156, 0.020998026559691407, -0.05555555886692476, 0.07273930031277631, -0.08132501188889174, 0.08399210623876563, -0.08132501188889174, 0.07273930031277631, -0.05555555886692476, 0.020998026559691407, -0.036369650156388156, 0.051434453867905905, -0.0664015879154678, 0.08132501188889174, -0.096225046005598, 0.11111111773384952]}
    - {mu0: 0, rank: 3, ndensity: 1, num_ms_combs: 21, mus: [0, 0, 0], ns: [2, 1, 2], ls: [1, 3, 4], ms_combs: [-1, -3, 4, -1, -2, 3, -1, -1, 2, -1, 0, 1, -1, 1, 0, -1, 2, -1, -1, 3, -2, 0, -3, 3, 0, -2, 2, 0, -1, 1, 0, 0, 0, 0, 1, -1, 0, 2, -2, 0, 3, -3, 1, -3, 2, 1, -2, 1, 1, -1, 0, 1, 0, -1, 1, 1, -2, 1, 2, -3, 1, 3, -4], ctildes: [0.11111111773384952, -0.096225046005598, 0.08132501188889174, -0.0664015879154678, 0.051434453867905905, -0.036369650156388156, 0.020998026559691407, -0.05555555886692476, 0.07273930031277631, -0.08132501188889174, 0.08399210623876563, -0.08132501188889174, 0.07273930031277631, -0.05555555886692476, 0.020998026559691407, -0.036369650156388156, 0.051434453867905905, -0.0664015879154678, 0.08132501188889174, -0.096225046005598, 0.11111111773384952]}
    - {mu0: 0, rank: 3, ndensity: 1, num_ms_combs: 21, mus: [0, 0, 0], ns: [2, 2, 1], ls: [1, 3, 4], ms_combs: [-1, -3, 4, -1, -2, 3, -1, -1, 2, -1, 0, 1, -1, 1, 0, -1, 2, -1, -1, 3, -2, 0, -3, 3, 0, -2, 2, 0, -1, 1, 0, 0, 0, 0, 1, -1, 0, 2, -2, 0, 3, -3, 1, -3, 2, 1, -2, 1, 1, -1, 0, 1, 0, -1, 1, 1, -2, 1, 2, -3, 1, 3, -4], ctildes: [0.11111111773384952, -0.096225046005598, 0.08132501188889174, -0.0664015879154678, 0.051434453867905905, -0.036369650156388156, 0.020998026559691407, -0.05555555886692476, 0.07273930031277631, -0.08132501188889174, 0.08399210623876563, -0.08132501188889174, 0.07273930031277631, -0.05555555886692476, 0.020998026559691407, -0.036369650156388156, 0.051434453867905905, -0.0664015879154678, 0.08132501188889174, -0.096225046005598, 0.11111111773384952]}
    - {mu0: 0, rank: 3, ndensity: 1, num_ms_combs: 21, mus: [0, 0, 0], ns: [2, 2, 2], ls: [1, 3, 4], ms_combs: [-1, -3, 4, -1, -2, 3, -1, -1, 2, -1, 0, 1, -1, 1, 0, -1, 2, -1, -1, 3, -2, 0, -3, 3, 0, -2, 2, 0, -1, 1, 0, 0, 0, 0, 1, -1, 0, 2, -2, 0, 3, -3, 1, -3, 2, 1, -2, 1, 1, -1, 0, 1, 0, -1, 1, 1, -2, 1, 2, -3, 1, 3, -4], ctildes: [0.11111111773384952, -0.096225046005598, 0.08132501188889174, -0.0664015879154678, 0.051434453867905905, -0.036369650156388156, 0.020998026559691407, -0.05555555886692476, 0.07273930031277631, -0.08132501188889174, 0.08399210623876563, -0.08132501188889174, 0.07273930031277631, -0.05555555886692476, 0.020998026559691407, -0.036369650156388156, 0.051434453867905905, -0.0664015879154678, 0.08132501188889174, -0.096225046005598, 0.11111111773384952]}
    - {mu0: 0, rank: 3, ndensity: 1, num_ms_combs: 19, mus: [0, 0, 0], ns: [1, 1, 1], ls: [2, 2, 2], ms_combs: [-2, 0, 2, -2, 1, 1, -2, 2, 0, -1, -1, 2, -1, 0, 1, -1, 1, 0, -1, 2, -1, 0, -2, 2, 0, -1, 1, 0, 0, 0, 0, 1, -1, 0, 2, -2, 1, -2, 1, 1, -1, 0, 1, 0, -1, 1, 1, -2, 2, -2, 0, 2, -1, -1, 2, 0, -2], ctildes: [0.106904496560845, -0.13093073535988964, 0.106904496560845, -0.13093073535988964, 0.0534522482804225, 0.0534522482804225, -0.13093073535988964, 0.106904496560845, 0.0534522482804225, -0.106904496560845, 0.0534522482804225, 0.106904496560845, -0.13093073535988964, 0.0534522482804225, 0.0534522482804225, -0.13093073535988964, 0.106904496560845, -0.13093073535988964, 0.106904496560845]}
    - {mu0: 0, rank: 3, ndensity: 1, num_ms_combs: 19, mus: [0, 0, 0], ns: [1, 1, 2], ls: [2, 2, 2], ms_combs: [-2, 0, 2, -2, 1, 1, -2, 2, 0, -1, -1, 2, -1, 0, 1, -1, 1, 0, -1, 2, -1, 0, -2, 2, 0, -1, 1, 0, 0, 0, 0, 1, -1, 0, 2, -2, 1, -2, 1, 1, -1, 0, 1, 0, -1, 1, 1, -2, 2, -2, 0, 2, -1, -1, 2, 0, -2], ctildes: [0.106904496560845, -0.13093073535988964, 0.106904496560845, -0.13093073535988964, 0.0534522482804225, 0.0534522482804225, -0.13093073535988964, 0.106904496560845, 0.0534522482804225, -0.106904496560845, 0.0534522482804225, 0.106904496560845, -0.13093073535988964, 0.0534522482804225, 0.0534522482804225, -0.13093073535988964, 0.106904496560845, -0.13093073535988964, 0.106904496560845]}
    - {mu0: 0, rank: 3, ndensity: 1, num_ms_combs: 19, mus: [0, 0, 0], ns: [1, 2, 2], ls: [2, 2, 2], ms_combs: [-2, 0, 2, -2, 1, 1, -2, 2, 0, -1, -1, 2, -1, 0, 1, -1, 1, 0, -1, 2, -1, 0, -2, 2, 0, -1, 1, 0, 0, 0, 0, 1, -1, 0, 2, -2, 1, -2, 1, 1, -1, 0, 1, 0, -1, 1, 1, -2, 2, -2, 0, 2, -1, -1, 2, 0, -2], ctildes: [0.106904496560845, -0.13093073535988964, 0.106904496560845, -0.13093073535988964, 0.0534522482804225, 0.0534522482804225, -0.13093073535988964, 0.106904496560845, 0.0534522482804225, -0.106904496560845, 0.0534522482804225, 0.106904496560845, -0.13093073535988964, 0.0534522482804225, 0.0534522482804225, -0.13093073535988964, 0.106904496560845, -0.13093073535988964, 0.106904496560845]}
    - {mu0: 0, rank: 3, ndensity: 1, num_ms_combs: 19, mus: [0, 0, 0], ns: [2, 2, 2], ls: [2, 2, 2], ms_combs: [-2, 0, 2, -2, 1, 1, -2, 2, 0, -1, -1, 2, -1, 0, 1, -1, 1, 0, -1, 2, -1, 0, -2, 2, 0, -1, 1, 0, 0, 0, 0, 1, -1, 0, 2, -2, 1, -2, 1, 1, -1, 0, 1, 0, -1, 1, 1, -2, 2, -2, 0, 2, -1, -1, 2, 0, -2], ctildes: [0.106904496560845, -0.13093073535988964, 0.106904496560845, -0.13093073535988964, 0.0534522482804225, 0.0534522482804225, -0.13093073535988964, 0.106904496560845, 0.0534522482804225, -0.106904496560845, 0.0534522482804225, 0.106904496560845, -0.13093073535988964, 0.0534522482804225, 0.0534522482804225, -0.13093073535988964, 0.106904496560845, -0.13093073535988964, 0.106904496560845]}
    - {mu0: 0, rank: 3, ndensity: 1, num_ms_combs: 25, mus: [0, 0, 0], ns: [1, 1, 1], ls: [2, 2, 4], ms_combs: [-2, -2, 4, -2, -1, 3, -2, 0, 2, -2, 1, 1, -2, 2, 0, -1, -2, 3, -1, -1, 2, -1, 0, 1, -1, 1, 0, -1, 2, -1, 0, -2, 2, 0, -1, 1, 0, 0, 0, 0, 1, -1, 0, 2, -2, 1, -2, 1, 1, -1, 0, 1, 0, -1, 1, 1, -2, 1, 2, -3, 2, -2, 0, 2, -1, -1, 2, 0, -2, 2, 1, -3, 2, 2, -4], ctildes: [0.11111111773384952, -0.07856742278439066, 0.051434453867905905, -0.029695693046719596, 0.01328031882485703, -0.07856742278439066, 0.08399210623876563, -0.07273930031277631, 0.05312127529942812, -0.029695693046719596, 0.051434453867905905, -0.07273930031277631, 0.07968191046561524, -0.07273930031277631, 0.051434453867905905, -0.029695693046719596, 0.05312127529942812, -0.07273930031277631, 0.08399210623876563, -0.07856742278439066, 0.01328031882485703, -0.029695693046719596, 0.051434453867905905, -0.07856742278439066, 0.11111111773384952]}
    - {mu0: 0, rank: 3, ndensity: 1, num_ms_combs: 25, mus: [0, 0, 0], ns: [1, 1, 2], ls: [2, 2, 4], ms_combs: [-2, -2, 4, -2, -1, 3, -2, 0, 2, -2, 1, 1, -2, 2, 0, -1, -2, 3, -1, -1, 2, -1, 0, 1, -1, 1, 0, -1, 2, -1, 0, -2, 2, 0, -1, 1, 0, 0, 0, 0, 1, -1, 0, 2, -2, 1, -2, 1, 1, -1, 0, 1, 0, -1, 1, 1, -2, 1, 2, -3, 2, -2, 0, 2, -1, -1, 2, 0, -2, 2, 1, -3, 2, 2, -4], ctildes: [0.11111111773384952, -0.07856742278439066, 0.051434453867905905, -0.029695693046719596, 0.01328031882485703, -0.07856742278439066, 0.08399210623876563, -0.07273930031277631, 0.05312127529942812, -0.029695693046719596, 0.051434453867905905, -0.07273930031277631, 0.07968191046561524, -0.07273930031277631, 0.051434453867905905, -0.029695693046719596, 0.05312127529942812, -0.07273930031277631, 0.08399210623876563, -0.07856742278439066, 0.01328031882485703, -0.029695693046719596, 0.051434453867905905, -0.07856742278439066, 0.11111111773384952]}
    - {mu0: 0, rank: 3, ndensity: 1, num_ms_combs: 25, mus: [0, 0, 0], ns: [1, 2, 1], ls: [2, 2, 4], ms_combs: [-2, -2, 4, -2, -1, 3, -2, 0, 2, -2, 1, 1, -2, 2, 0, -1, -2, 3, -1, -1, 2, -1, 0, 1, -1, 1, 0, -1, 2, -1, 0, -2, 2, 0, -1, 1, 0, 0, 0, 0, 1, -1, 0, 2, -2, 1, -2, 1, 1, -1, 0, 1, 0, -1, 1, 1, -2, 1, 2, -3, 2, -2, 0, 2, -1, -1, 2, 0, -2, 2, 1, -3, 2, 2, -4], ctildes: [0.11111111773384952, -0.07856742278439066, 0.051434453867905905, -0.029695693046719596, 0.01328031882485703, -0.07856742278439066, 0.08399210623876563, -0.07273930031277631, 0.05312127529942812, -0.029695693046719596, 0.051434453867905905, -0.07273930031277631, 0.07968191046561524, -0.07273930031277631, 0.051434453867905905, -0.029695693046719596, 0.05312127529942812, -0.07273930031277631, 0.08399210623876563, -0.07856742278439066, 0.01328031882485703, -0.029695693046719596, 0.051434453867905905, -0.07856742278439066, 0.11111111773384952]}
    - {mu0: 0, rank: 3, ndensity: 1, num_ms_combs: 25, mus: [0, 0, 0], ns: [1, 2, 2], ls: [2, 2, 4], ms_combs: [-2, -2, 4, -2, -1, 3, -2, 0, 2, -2, 1, 1, -2, 2, 0, -1, -2, 3, -1, -1, 2, -1, 0, 1, -1, 1, 0, -1, 2, -1, 0, -2, 2, 0, -1, 1, 0, 0, 0, 0, 1, -1, 0, 2, -2, 1, -2, 1, 1, -1, 0, 1, 0, -1, 1, 1, -2, 1, 2, -3, 2, -2, 0, 2, -1, -1, 2, 0, -2, 2, 1, -3, 2, 2, -4], ctildes: [0.11111111773384952, -0.07856742278439066, 0.051434453867905905, -0.029695693046719596, 0.01328031882485703, -0.07856742278439066, 0.08399210623876563, -0.07273930031277631, 0.05312127529942812, -0.029695693046719596, 0.051434453867905905, -0.07273930031277631, 0.07968191046561524, -0.07273930031277631, 0.051434453867905905, -0.029695693046719596, 0.05312127529942812, -0.07273930031277631, 0.08399210623876563, -0.07856742278439066, 0.01328031882485703, -0.029695693046719596, 0.051434453867905905, -0.07856742278439066, 0.11111111773384952]}
    - {mu0: 0, rank: 3, ndensity: 1, num_ms_combs: 25, mus: [0, 0, 0], ns: [2, 2, 1], ls: [2, 2, 4], ms_combs: [-2, -2, 4, -2, -1, 3, -2, 0, 2, -2, 1, 1, -2, 2, 0, -1, -2, 3, -1, -1, 2, -1, 0, 1, -1, 1, 0, -1, 2, -1, 0, -2, 2, 0, -1, 1, 0, 0, 0, 0, 1, -1, 0, 2, -2, 1, -2, 1, 1, -1, 0, 1, 0, -1, 1, 1, -2, 1, 2, -3, 2, -2, 0, 2, -1, -1, 2, 0, -2, 2, 1, -3, 2, 2, -4], ctildes: [0.11111111773384952, -0.07856742278439066, 0.051434453867905905, -0.029695693046719596, 0.01328031882485703, -0.07856742278439066, 0.08399210623876563, -0.07273930031277631, 0.05312127529942812, -0.029695693046719596, 0.051434453867905905, -0.07273930031277631, 0.07968191046561524, -0.07273930031277631, 0.051434453867905905, -0.029695693046719596, 0.05312127529942812, -0.07273930031277631, 0.08399210623876563, -0.07856742278439066, 0.01328031882485703, -0.029695693046719596, 0.051434453867905905, -0.07856742278439066, 0.11111111773384952]}
    - {mu0: 0, rank: 3, ndensity: 1, num_ms_combs: 25, mus: [0, 0, 0], ns: [2, 2, 2], ls: [2, 2, 4], ms_combs: [-2, -2, 4, -2, -1, 3, -2, 0, 2, -2, 1, 1, -2, 2, 0, -1, -2, 3, -1, -1, 2, -1, 0, 1, -1, 1, 0, -1, 2, -1, 0, -2, 2, 0, -1, 1, 0, 0, 0, 0, 1, -1, 0, 2, -2, 1, -2, 1, 1, -1, 0, 1, 0, -1, 1, 1, -2, 1, 2, -3, 2, -2, 0, 2, -1, -1, 2, 0, -2, 2, 1, -3, 2, 2, -4], ctildes: [0.11111111773384952, -0.07856742278439066, 0.051434453867905905, -0.029695693046719596, 0.01328031882485703, -0.07856742278439066, 0.08399210623876563, -0.07273930031277631, 0.05312127529942812, -0.029695693046719596, 0.051434453867905905, -0.07273930031277631, 0.07968191046561524, -0.07273930031277631, 0.051434453867905905, -0.029695693046719596, 0.05312127529942812, -0.07273930031277631, 0.08399210623876563, -0.07856742278439066, 0.01328031882485703, -0.029695693046719596, 0.051434453867905905, -0.07856742278439066, 0.11111111773384952]}
